A=1031.28
B=1026.35
T=175.5471
m=9.19171278272457e-05
C=-1.63403e-05
w=11.0322267827269
p=1.9635
E=99
A=12.1
