Price file:        gld.plt
Parameter file:    gld.par
Range file:        (null)
Max iterations:    2147483647
Print iterations:  100000
Epsilon:           1e-120
Start fit:         80
OpenMP threads:    8
Interpolation:     0
A=1031.28
B=1026.35
D=1026.35
T=175.5471
m=9.19171278272457e-05
C=-1.63403e-05
w=11.0322267827269
p=1.9635
a=-1.63403e-05
r=11.0322267827269

Iterations 118
A=1031.281262866195
B=1026.349264351769
D=1026.349264351769
T=176.4079534065017
m=9.15791436668628e-05
C=-1.634270167163963e-05
w=11.0215664700752
p=2.037608734830343
a=-1.634270167163963e-05
r=11.0215664700752
Average error: 9.669035152230925e-05
info[0]: 0.008210920493170161
info[1]: 0.007058395661128576
info[2]: 0.0005536631096276778
info[3]: 0
info[4]: 7.779232392717447e-17
info[5]: 118
info[6]: 2
info[7]: 3115
info[8]: 118
info[9]: 118
Variance
p[0]: 0.0004140323396296473
p[1]: 0.0004140599675432578
p[2]: 11.26038019475016
p[3]: 7.183803982885105e-11
p[4]: 2.540195411127571e-12
p[5]: 0.8741643473036491
p[6]: 19.96205412502444
Covariance
1	
-1	1	
-0.971	0.971	1	
0.999	-0.998	-0.959	1	
-0.153	0.153	0.109	-0.164	1	
-0.958	0.958	0.978	-0.949	0.11	1	
0.963	-0.962	-0.985	0.953	-0.11	-0.999	1	
